RDA2
A
2
197377
131840
1026
1
262153
16
numberofeditions
13
21
1575
2831
980
1370
1122
1024
511
1499
424
348
239
262
260
163
549
602
367
1594
219
319
289
1026
1
262153
15
numberofratings
13
21
722431
1974195
201010
464196
362874
211383
18464
231679
31091
11619
6883
11986
9115
153155
68076
38530
33368
11984
466817
18730
7910
1026
1
262153
11
dickensdata
787
6
781
15
21
14
12
20
2
11
5
4
3
8
9
1
7
15
19
1026
1
262153
6
levels
16
21
9
21
A\040Tale\040of\040Two\040Cities\240
9
14
Barnaby\040Rudge\240
9
12
Bleak\040House\240
262153
17
David\040Copperfield
9
15
Dombey\040and\040Son\240
262153
4
Emma
9
19
Great\040Expectations\240
9
11
Hard\040Times\240
9
14
Little\040Dorrit\240
262153
14
Mansfield\040Park
9
18
Martin\040Chuzzlewit\240
262153
17
Nicholas\040Nickleby
262153
17
Northanger\040Abbey\040
262153
13
Oliver\040Twist\040
9
18
Our\040Mutual\040Friend\240
262153
10
Persuasion
262153
19
Pride\040and\040Prejudice
262153
22
Sense\040and\040Sensibility\040
9
27
The\040Mystery\040of\040Edwin\040Drood\240
9
23
The\040Old\040Curiosity\040Shop\240
262153
19
The\040Pickwick\040Papers
1026
1
262153
5
class
16
1
262153
6
factor
254
14
15
3.81
3.84
3.88
3.74
3.78
3.82
3.89
3.95
3.99
3.49
3.96
3.8
3.74
4.07
3.65
13
15
18464
231679
31091
11619
6883
11986
9115
153155
68076
38530
33368
11984
466817
18730
7910
13
15
511
1499
424
348
239
262
260
163
549
602
367
1594
219
319
289
13
15
1042
4743
1003
701
324
378
424
4131
2865
1866
1061
11984
11233
966
540
781
15
2
2
2
2
2
2
2
2
2
2
2
2
2
2
2
1026
1279
16
2
262153
6
Austen
262153
7
Dickens
1026
1535
16
1
262153
6
factor
254
1026
1
262153
5
names
16
6
262153
8
bookname
262153
13
overallrating
262153
15
numberofratings
262153
16
numberofeditions
262153
15
numberofreviews
262153
6
author
1026
1
262153
9
row.names
13
15
7
8
9
10
11
12
13
14
15
16
17
18
19
20
21
1026
1535
16
1
262153
10
data.frame
254
1026
1
262153
16
popularitysimple
14
21
183578.2625
505358.31
52076.955
119020.995
93946.0325
55008.9475
5005.2025
59481.21
8130.47
3167.935
1862.445
3157.455
2450.7225
39363.2375
17873.4975
10250.3725
8699.99
6391.45
119568.185
5004.7675
2185.6625
1026
1
262153
5
Book1
787
7
781
21
18
17
10
6
16
13
21
14
12
20
2
11
5
4
3
8
9
1
7
15
19
1026
1279
16
21
9
21
A\040Tale\040of\040Two\040Cities\240
9
14
Barnaby\040Rudge\240
9
12
Bleak\040House\240
262153
17
David\040Copperfield
9
15
Dombey\040and\040Son\240
262153
4
Emma
9
19
Great\040Expectations\240
9
11
Hard\040Times\240
9
14
Little\040Dorrit\240
262153
14
Mansfield\040Park
9
18
Martin\040Chuzzlewit\240
262153
17
Nicholas\040Nickleby
262153
17
Northanger\040Abbey\040
262153
13
Oliver\040Twist\040
9
18
Our\040Mutual\040Friend\240
262153
10
Persuasion
262153
19
Pride\040and\040Prejudice
262153
22
Sense\040and\040Sensibility\040
9
27
The\040Mystery\040of\040Edwin\040Drood\240
9
23
The\040Old\040Curiosity\040Shop\240
262153
19
The\040Pickwick\040Papers
1026
1535
16
1
262153
6
factor
254
14
21
4.05
4.24
3.82
3.98
4.13
3.79
3.81
3.84
3.88
3.74
3.78
3.82
3.89
3.95
3.99
3.49
3.96
3.8
3.74
4.07
3.65
13
21
722431
1974195
201010
464196
362874
211383
18464
231679
31091
11619
6883
11986
9115
153155
68076
38530
33368
11984
466817
18730
7910
13
21
1575
2831
980
1370
1122
1024
511
1499
424
348
239
262
260
163
549
602
367
1594
219
319
289
13
21
10303
44403
6314
10514
11784
7625
1042
4743
1003
701
324
378
424
4131
2865
1866
1061
11984
11233
966
540
781
21
1
1
1
1
1
1
2
2
2
2
2
2
2
2
2
2
2
2
2
2
2
1026
1279
16
2
262153
6
Austen
262153
7
Dickens
1026
1535
16
1
262153
6
factor
254
14
21
183578.2625
505358.31
52076.955
119020.995
93946.0325
55008.9475
5005.2025
59481.21
8130.47
3167.935
1862.445
3157.455
2450.7225
39363.2375
17873.4975
10250.3725
8699.99
6391.45
119568.185
5004.7675
2185.6625
1026
2047
13
2
NA
-21
1026
1791
16
7
262153
8
bookname
262153
13
overallrating
262153
15
numberofratings
262153
16
numberofeditions
262153
15
numberofreviews
262153
6
author
262153
16
popularitysimple
1026
1535
16
1
262153
10
data.frame
254
1026
1
262153
10
allpopbook
14
21
734313.05
2021433.24
208307.82
476083.98
375784.13
220035.79
20020.81
237924.84
32521.88
12671.74
7449.78
12629.82
9802.889999999999
157452.95
71493.99000000001
41001.49
34799.96
25565.8
478272.74
20019.07
8742.65
1026
1
262153
7
dickens
787
6
781
15
21
14
12
20
2
11
5
4
3
8
9
1
7
15
19
1026
1279
16
21
9
21
A\040Tale\040of\040Two\040Cities\240
9
14
Barnaby\040Rudge\240
9
12
Bleak\040House\240
262153
17
David\040Copperfield
9
15
Dombey\040and\040Son\240
262153
4
Emma
9
19
Great\040Expectations\240
9
11
Hard\040Times\240
9
14
Little\040Dorrit\240
262153
14
Mansfield\040Park
9
18
Martin\040Chuzzlewit\240
262153
17
Nicholas\040Nickleby
262153
17
Northanger\040Abbey\040
262153
13
Oliver\040Twist\040
9
18
Our\040Mutual\040Friend\240
262153
10
Persuasion
262153
19
Pride\040and\040Prejudice
262153
22
Sense\040and\040Sensibility\040
9
27
The\040Mystery\040of\040Edwin\040Drood\240
9
23
The\040Old\040Curiosity\040Shop\240
262153
19
The\040Pickwick\040Papers
1026
1535
16
1
262153
6
factor
254
14
15
3.81
3.84
3.88
3.74
3.78
3.82
3.89
3.95
3.99
3.49
3.96
3.8
3.74
4.07
3.65
13
15
18464
231679
31091
11619
6883
11986
9115
153155
68076
38530
33368
11984
466817
18730
7910
13
15
511
1499
424
348
239
262
260
163
549
602
367
1594
219
319
289
13
15
1042
4743
1003
701
324
378
424
4131
2865
1866
1061
11984
11233
966
540
781
15
2
2
2
2
2
2
2
2
2
2
2
2
2
2
2
1026
1279
16
2
262153
6
Austen
262153
7
Dickens
1026
1535
16
1
262153
6
factor
254
1026
1791
16
6
262153
8
bookname
262153
13
overallrating
262153
15
numberofratings
262153
16
numberofeditions
262153
15
numberofreviews
262153
6
author
1026
2047
13
15
7
8
9
10
11
12
13
14
15
16
17
18
19
20
21
1026
1535
16
1
262153
10
data.frame
254
1026
1
262153
12
.Random.seed
13
626
403
20
289954645
-83342228
-1317033790
1012595485
-2136706665
1171859710
-1598145864
-952499045
-1218247943
678839368
559097718
393011889
-424643869
-1538133582
473907716
819312967
-642890723
-599852396
2067427898
128646277
1797202271
75526630
-531685264
-508730477
-745528271
-939611424
1199188862
1430299145
-879908293
-2112703478
1188105196
2103369839
1680539557
714835804
-319714510
1525183021
896393447
-1899818482
1356017640
-1403006485
-532209015
-113632744
460607814
-635641951
647008819
666431394
-565253484
-1252155113
1220361997
-651512284
26123786
2051123061
-568577329
1114146262
1695566208
-1730313789
-1316513951
-1714868784
-1952998098
-133681959
1512433387
1839858522
-360557284
396502047
-1747818379
-2004077300
1488984290
132747709
-657680841
-1030255394
-2071947240
663471995
1605977881
1794137000
-663401642
60937169
1486419843
-1954291182
-1973357148
-216321689
826023613
-643570124
-253911654
-1916114459
-1368959617
-632267514
1190692496
-1091662029
-2145841967
1059903104
-1168539810
-695739223
-1606234277
290694506
-1849268212
1667383375
-2133739259
818786748
-539487086
-75591795
-1381771321
1350560942
285342984
-1238639861
1397028329
-328965448
651715942
-1138721279
-2030417773
-2024615102
962211060
-1611269897
1430827245
827503492
1136930218
971543317
-1128844881
560017846
-294172704
-679049437
-180619199
1893471024
1506728270
566176697
181190091
-1983271302
-1428929668
328420287
-548686699
349985452
487495810
306149469
-1168871593
-2073775554
1822471800
-1521232549
-1443507015
965360904
943701942
-1088019215
-1339153629
-1608649358
-704753724
-646055033
-1449916067
348841812
-2114953862
1618217157
1935399455
356191654
1815011120
-1674095149
-319683599
-283806432
-1757109314
1821993929
-1943204997
512571722
1355929004
-112115537
1130887781
818070044
-239797134
-127565075
-51556569
872377166
-711040088
925271979
-836864823
-1622776616
-1260086906
-559615903
-1137188365
1390604386
1844184788
-2014560297
1859505613
1620470116
95141194
-453182283
-757257201
-1948957418
1608900544
-1982325885
412957089
-603822704
1456666222
785731609
1379413163
1146392730
-1658400676
729554271
-1431431371
879684300
-1184683998
238707325
1427588983
-878896994
2100995928
-1215212869
1785519193
-306452504
-1551756778
-846932591
-997134781
1703927122
-1939389980
-2057199577
363801725
1939050868
723000666
489241509
209767359
1546934342
33969872
1235435763
262256145
1272557632
2035299358
1205101289
886175771
-961941462
-320646324
-914874097
2028434501
537769468
-1716218798
186319674
1252691792
-1657048468
-1447446380
-955797166
-211695904
-1552740660
1967280288
-1635227774
-631474456
747724524
-790208452
-611152270
87153776
81957412
-1802747848
-1646536678
571934416
672386108
-1413794668
1648990338
-968306752
-1463350980
281558672
-244840414
436033544
2145549452
-1439718372
-139623790
727720064
791536660
-2082107096
1232452154
-2099125040
-1376748436
-597680460
1422628882
1218703328
1869741004
991614432
-75875806
1659553064
797187340
1736619580
1770408178
-1483102480
-543658172
1328653912
1681189434
2135461616
2026739900
-1410299372
-646427454
-661869472
1689976188
1946847440
-874234846
2080642728
-1233630324
2090304956
1647146034
-1786171584
-919976780
-427212984
-937647430
1379364624
1543664876
-2049303468
-720445678
1894731680
-1240607796
-850392224
1707877570
-636027352
-664191572
-446260420
2043553650
1050271536
-1066408412
1334025272
1918613722
594619792
-1184351492
866116500
-1841950910
196064768
1600167484
928924240
-4010334
-395711672
-889007604
1409784028
-712910254
-2113316736
-1362140332
-1052541464
-918790406
-645088432
-60150740
2032216436
-895424878
-787247520
679044748
1876776800
1646572258
30646440
1311415500
1069629948
-1097558094
1868839408
1252611524
917648216
554942330
-199809616
946441660
-610243500
-90275902
-300558560
-968158276
1383730768
-451442206
-1892948632
776537420
-2125538052
370610930
1674259200
-1285579148
-1495622648
-1253889606
-70997040
1123272172
-1842892908
-199139630
630024800
1274049868
1687327008
-1506011518
-2060843544
119565292
414255676
-289069454
266083184
-502138588
778803768
-115074662
-1822630448
-576279108
-1243454316
1000571010
-366725696
397260604
2041645200
-2100053214
371945992
-1671118580
-2060072548
-1762432494
-135602304
374166292
1690224936
655167546
-1473645616
-528800148
1255014964
-674691438
-948572832
-1868586676
-1306749984
-2057068126
726368680
-592732532
369255868
-1721720206
-752493584
1770244676
429822040
1634165818
-1221297040
192291900
2084613396
-1139322174
767100640
1220316284
1599353552
1511694754
1145386024
1778628364
-493308484
829359922
-121532736
-763242444
-1092374840
-1446061894
-1007082864
-1640593684
-545676716
1057701522
1987482912
1817001420
1152233184
707026114
1568836648
-1011973204
1281181372
-424708110
-34971088
-239535196
2125755832
1526855514
-1797891952
662013820
-627059436
1798009154
-1120109312
2007777724
-478491312
327924002
-1384660408
169233420
-2059025828
1526986194
1544584704
-655085228
1488737512
265369850
-64675120
-1123135700
-799630845
1958956357
1603516770
-400035120
1103490553
-594279125
485598876
1294345418
1900301759
-1469288183
-1658564066
-296935476
643734941
365000743
-1333189040
-255937810
19151771
197069309
-2103636758
-304445560
-1104023247
-375533149
1331226020
2078554194
1027341223
640049137
-1356018890
-2089404460
329338213
2102870383
-899359832
-1479610106
-625913805
-1543911787
1756184306
-603861184
-634278743
1257402651
-384612628
599292666
1312162607
1432243001
-498004658
1891478428
-551214835
-664951945
257398656
879232478
-1968727381
260306349
-2108184038
-2070106920
506433857
-2133300749
-1294999532
52913570
1621844663
620366977
730397830
1716394180
-778045963
-1992744865
687692472
-212204650
1611207075
50656613
-90872702
-344707600
664894361
1975999883
321443964
-205305174
-456629025
-2125475223
1485385854
-346027924
-2067164995
1424826759
909186416
1116614670
-88822469
1548800541
1738557130
1059754472
1571178193
500871875
-1210213948
145124978
1725001543
-290541807
1114186390
1040508916
1575006597
-286978865
2047956424
-23262106
843565715
-901475851
1232804818
1515077664
1649199625
-1118399685
-499059060
306150170
-839529073
175784665
-1898365586
548184316
133565037
1764472343
-196471840
482951102
-385086069
-392118771
-859016646
-343278984
1737470497
-1089205037
232315892
374131842
1452250391
-706124831
-496892634
-1358044124
-510599467
754129535
1448426264
-660446666
1178674371
-2010810107
-844836702
-105458032
1385099833
888777451
-97977380
1688862218
475234559
-1206340279
-1692907810
1699744908
922016861
1631822439
276638608
1420189614
793345627
-2067492291
878318762
-1806240440
-1736980111
-18645277
-1020267036
556054802
549434599
2052100785
255404278
-265223404
844942373
-2043315921
-1115963672
661662662
-1894093197
-358260523
2021550770
13525632
690692713
-201910565
1727005228
-145253830
169600239
-1159258915
1026
1
262153
17
popularitysimpleA
14
6
183578.2625
505358.31
52076.955
119020.995
93946.0325
55008.9475
1026
1
262153
13
overallrating
14
21
4.05
4.24
3.82
3.98
4.13
3.79
3.81
3.84
3.88
3.74
3.78
3.82
3.89
3.95
3.99
3.49
3.96
3.8
3.74
4.07
3.65
1026
1
262153
15
numberofreviews
13
21
10303
44403
6314
10514
11784
7625
1042
4743
1003
701
324
378
424
4131
2865
1866
1061
11984
11233
966
540
1026
1
262153
17
popularitysimpleD
14
15
5005.2025
59481.21
8130.47
3167.935
1862.445
3157.455
2450.7225
39363.2375
17873.4975
10250.3725
8699.99
6391.45
119568.185
5004.7675
2185.6625
1026
1
262153
10
dickenspop
787
4
14
15
3.81
3.84
3.88
3.74
3.78
3.82
3.89
3.95
3.99
3.49
3.96
3.8
3.74
4.07
3.65
13
15
18464
231679
31091
11619
6883
11986
9115
153155
68076
38530
33368
11984
466817
18730
7910
13
15
511
1499
424
348
239
262
260
163
549
602
367
1594
219
319
289
13
15
1042
4743
1003
701
324
378
424
4131
2865
1866
1061
11984
11233
966
540
1026
1791
16
4
262153
13
overallrating
262153
15
numberofratings
262153
16
numberofeditions
262153
15
numberofreviews
1026
1535
16
1
262153
10
data.frame
1026
2047
13
15
7
8
9
10
11
12
13
14
15
16
17
18
19
20
21
254
1026
1
262153
9
austenpop
787
4
14
6
4.05
4.24
3.82
3.98
4.13
3.79
13
6
722431
1974195
201010
464196
362874
211383
13
6
1575
2831
980
1370
1122
1024
13
6
10303
44403
6314
10514
11784
7625
1026
1791
16
4
262153
13
overallrating
262153
15
numberofratings
262153
16
numberofeditions
262153
15
numberofreviews
1026
1535
16
1
262153
10
data.frame
1026
2047
13
2
NA
6
254
1026
1
262153
10
austendata
787
6
781
6
18
17
10
6
16
13
1026
1279
16
21
9
21
A\040Tale\040of\040Two\040Cities\240
9
14
Barnaby\040Rudge\240
9
12
Bleak\040House\240
262153
17
David\040Copperfield
9
15
Dombey\040and\040Son\240
262153
4
Emma
9
19
Great\040Expectations\240
9
11
Hard\040Times\240
9
14
Little\040Dorrit\240
262153
14
Mansfield\040Park
9
18
Martin\040Chuzzlewit\240
262153
17
Nicholas\040Nickleby
262153
17
Northanger\040Abbey\040
262153
13
Oliver\040Twist\040
9
18
Our\040Mutual\040Friend\240
262153
10
Persuasion
262153
19
Pride\040and\040Prejudice
262153
22
Sense\040and\040Sensibility\040
9
27
The\040Mystery\040of\040Edwin\040Drood\240
9
23
The\040Old\040Curiosity\040Shop\240
262153
19
The\040Pickwick\040Papers
1026
1535
16
1
262153
6
factor
254
14
6
4.05
4.24
3.82
3.98
4.13
3.79
13
6
722431
1974195
201010
464196
362874
211383
13
6
1575
2831
980
1370
1122
1024
13
6
10303
44403
6314
10514
11784
7625
781
6
1
1
1
1
1
1
1026
1279
16
2
262153
6
Austen
262153
7
Dickens
1026
1535
16
1
262153
6
factor
254
1026
1791
16
6
262153
8
bookname
262153
13
overallrating
262153
15
numberofratings
262153
16
numberofeditions
262153
15
numberofreviews
262153
6
author
1026
2047
13
2
NA
6
1026
1535
16
1
262153
10
data.frame
254
254
